10 10
11 10
12 10
13 10
14 10
15 10
16 10
17 10
18 10
19 10
20 10
21 10
22 10
23 10
24 10
25 10
26 10
27 10
28 10
29 10
30 10
31 10
32 10
33 10
34 10
35 10
36 10
37 10
38 10
39 10
40 10
41 10
42 10
43 10
44 10
45 10
46 10
47 10
48 10
49 10
50 10
51 10
52 10
53 10
54 10
55 10
56 10
57 10
58 10
59 10
60 10
61 10
62 10
63 10
64 10
65 10
66 10
67 10
68 10
69 10
70 10
71 10
72 10
73 10
74 10
75 10
76 10
77 10
78 10
79 10
80 10
81 10
82 10
83 10
84 10
85 10
86 10
87 10
88 10
89 10
90 10
91 10
92 10
93 10
94 10
95 10
96 10
97 10
98 10
99 10
100 10
10 100
11 100
12 100
13 100
14 100
15 100
16 100
17 100
18 100
19 100
20 100
21 100
22 100
23 100
24 100
25 100
26 100
27 100
28 100
29 100
30 100
31 100
32 100
33 100
34 100
35 100
36 100
37 100
38 100
39 100
40 100
41 100
42 100
43 100
44 100
45 100
46 100
47 100
48 100
49 100
50 100
51 100
52 100
53 100
54 100
55 100
56 100
57 100
58 100
59 100
60 100
61 100
62 100
63 100
64 100
65 100
66 100
67 100
68 100
69 100
70 100
71 100
72 100
73 100
74 100
75 100
76 100
77 100
78 100
79 100
80 100
81 100
82 100
83 100
84 100
85 100
86 100
87 100
88 100
89 100
90 100
91 100
92 100
93 100
94 100
95 100
96 100
97 100
98 100
99 100
100 100
10 10
10 11
10 12
10 13
10 14
10 15
10 16
10 17
10 18
10 19
10 20
10 21
10 22
10 23
10 24
10 25
10 26
10 27
10 28
10 29
10 30
10 31
10 32
10 33
10 34
10 35
10 36
10 37
10 38
10 39
10 40
10 41
10 42
10 43
10 44
10 45
10 46
10 47
10 48
10 49
10 50
10 51
10 52
10 53
10 54
10 55
10 56
10 57
10 58
10 59
10 60
10 61
10 62
10 63
10 64
10 65
10 66
10 67
10 68
10 69
10 70
10 71
10 72
10 73
10 74
10 75
10 76
10 77
10 78
10 79
10 80
10 81
10 82
10 83
10 84
10 85
10 86
10 87
10 88
10 89
10 90
10 91
10 92
10 93
10 94
10 95
10 96
10 97
10 98
10 99
10 100
100 10
100 11
100 12
100 13
100 14
100 15
100 16
100 17
100 18
100 19
100 20
100 21
100 22
100 23
100 24
100 25
100 26
100 27
100 28
100 29
100 30
100 31
100 32
100 33
100 34
100 35
100 36
100 37
100 38
100 39
100 40
100 41
100 42
100 43
100 44
100 45
100 46
100 47
100 48
100 49
100 50
100 51
100 52
100 53
100 54
100 55
100 56
100 57
100 58
100 59
100 60
100 61
100 62
100 63
100 64
100 65
100 66
100 67
100 68
100 69
100 70
100 71
100 72
100 73
100 74
100 75
100 76
100 77
100 78
100 79
100 80
100 81
100 82
100 83
100 84
100 85
100 86
100 87
100 88
100 89
100 90
100 91
100 92
100 93
100 94
100 95
100 96
100 97
100 98
100 99
100 100
10 10
11 11
11 12
12 13
13 14
13 15
14 16
15 17
15 18
16 19
17 20
17 21
18 22
19 23
19 24
20 25
21 26
21 27
22 28
23 29
23 30
24 31
25 32
25 33
26 34
27 35
27 36
28 37
29 38
29 39
30 40
31 41
31 42
32 43
33 44
33 45
34 46
35 47
35 48
36 49
37 50
37 51
38 52
39 53
39 54
40 55
41 56
41 57
42 58
43 59
43 60
44 61
45 62
45 63
46 64
47 65
47 66
48 67
49 68
49 69
50 70
51 71
51 72
52 73
53 74
53 75
54 76
55 77
55 78
56 79
57 80
57 81
58 82
59 83
59 84
60 85
61 86
61 87
62 88
63 89
63 90
64 91
65 92
65 93
66 94
67 95
67 96
68 97
69 98
69 99
70 100
30 40
31 41
32 42
33 43
34 44
35 45
36 46
37 47
38 48
39 49
40 50
41 51
42 52
43 53
44 54
45 55
46 56
47 57
48 58
49 59
50 60
51 61
52 62
53 63
54 64
55 65
56 66
57 67
58 68
59 69
60 70
