100 120
101 121
102 122
103 123
103 124
104 125
105 126
106 127
107 128
108 129
108 130
109 131
110 132
111 133
112 134
113 135
113 136
114 137
115 138
116 139
117 140
118 141
118 142
119 143
120 144
121 145
122 146
123 147
123 148
124 149
125 150
126 151
127 152
128 153
128 154
129 155
130 156
131 157
132 158
133 159
133 160
134 161
135 162
136 163
137 164
138 165
138 166
139 167
140 168
141 169
142 170
143 171
143 172
144 173
145 174
146 175
147 176
148 177
148 178
149 179
150 180
151 181
152 182
153 183
153 184
154 185
155 186
156 187
157 188
158 189
158 190
159 191
160 192
161 193
162 194
163 195
163 196
164 197
165 198
166 199
167 200
168 201
168 202
169 203
170 204
171 205
172 206
173 207
173 208
174 209
175 210
176 211
177 212
178 213
178 214
179 215
180 216
181 217
182 218
183 219
183 220
184 221
185 222
186 223
187 224
188 225
188 226
189 227
190 228
191 229
192 230
193 231
193 232
194 233
195 234
196 235
197 236
198 237
198 238
199 239
200 240
201 241
202 242
203 243
203 244
204 245
205 246
206 247
207 248
208 249
208 250
209 251
210 252
211 253
212 254
213 255
213 256
214 257
215 258
216 259
217 260
218 261
218 262
219 263
220 264
221 265
222 266
223 267
223 268
224 269
225 270
226 271
227 272
228 273
228 274
229 275
230 276
231 277
232 278
233 279
233 280
234 281
235 282
236 283
237 284
238 285
238 286
239 287
240 288
241 289
242 290
243 291
243 292
244 293
245 294
246 295
247 296
248 297
248 298
249 299
250 300
251 301
252 302
253 303
253 304
254 305
255 306
256 307
257 308
258 309
258 310
259 311
260 312
261 313
262 314
263 315
263 316
264 317
265 318
266 319
267 320
268 321
268 322
269 323
270 324
271 325
272 326
273 327
273 328
274 329
275 330
276 331
277 332
278 333
278 334
279 335
280 336
281 337
282 338
283 339
283 340
284 341
285 342
286 343
287 344
288 345
288 346
289 347
290 348
291 349
292 350
293 351
293 352
294 353
295 354
296 355
297 356
298 357
298 358
299 359
300 360
